id	GSM2978752_treat	GSM2978753_treat	GSM2978754_treat	GSM2978755_treat	GSM2978756_treat	GSM2978757_treat	GSM2978758_treat	GSM2978759_treat	GSM2978760_treat	GSM2978761_treat	GSM2978762_treat	GSM2978763_treat	GSM2978764_treat	GSM2978765_treat	GSM2978766_treat	GSM2978767_treat	GSM2978768_treat	GSM2978769_treat	GSM2978770_treat	GSM2978771_treat	GSM2978772_treat	GSM2978773_treat
Activated B cell	0.383519486039794	0.205099258105425	0.249110749573725	0.202237951198481	0.455650328593945	0.265106123782683	0.290885417645028	0.369681930271064	0.147580888498799	0.24240452919937	0.218405435159769	0.220997827838145	0.382616665821848	0.295731143142446	0.239021428367854	0.252690612805828	0.203404478394181	0.515827986200445	0.229929141959363	0.372825558183222	0.187593119082172	0.269947461516415
Activated CD4 T cell	0.482477024407784	0.292125090641154	0.340723206803146	0.351308013574325	0.405145649587916	0.437704944358343	0.418901009918334	0.480846475727921	0.40042612341764	0.420135854031572	0.35331509735159	0.485719915424264	0.357074603782084	0.414775869412262	0.459256341164063	0.40899847355864	0.483030596131334	0.610225194534756	0.394790731271684	0.530341179447248	0.445349127937722	0.429576668650019
Activated CD8 T cell	0.529451496016651	0.356336792687538	0.405399517809476	0.385157532200106	0.406512140375422	0.448910551759916	0.452687636661693	0.504808833079645	0.388364532367777	0.457658757974019	0.398624086298671	0.373256552505798	0.436451631746636	0.476962547428201	0.392942828121347	0.329055082003637	0.441746135674774	0.529485346762287	0.376267854430022	0.501924300689455	0.456901799765413	0.367141451796623
Central memory CD4 T cell	0.99970553492681	0.955616060316327	0.984469647094538	0.972665154388035	0.993456536998324	0.989637932022398	0.989141157306061	0.966759187480687	0.972841065880395	0.970942750205779	0.955507550199697	0.967476072644817	0.977904425466638	1	0.948571984842751	0.928122282517607	0.938261411314732	0.962008442860719	0.943902417289866	0.969161474551775	0.963516792195842	0.954323414738303
Central memory CD8 T cell	0.724703611724421	0.648486331129713	0.654759339815291	0.722042170718684	0.680262558611205	0.764138955856935	0.75292690116351	0.719724382819489	0.727228560371701	0.705806939400484	0.675388865487197	0.771914364005088	0.688726266344616	0.706717504844375	0.708202153616616	0.663399334956363	0.720709747398901	0.67475146785915	0.695870532015242	0.748257624986115	0.758726702380659	0.722182641641723
Effector memeory CD4 T cell	0.514853333402963	0.51738002819513	0.498982371700688	0.544940172444303	0.524960464042548	0.56042080000253	0.622770548015056	0.628858028215935	0.589288457133953	0.596272244879577	0.578013347303526	0.635161248525285	0.501342490137251	0.57502058221414	0.658838574909293	0.569084297571585	0.626896584012533	0.599076007346406	0.545942586742905	0.631658624884972	0.638584183639548	0.603411006310667
Effector memeory CD8 T cell	0.757302253548516	0.67609329938794	0.690778891733403	0.71421216778033	0.727520863628212	0.739220678349401	0.741996649319207	0.744319124871705	0.710156779734655	0.701248005499349	0.701630811288345	0.698226970134494	0.713767584322285	0.715109900417539	0.727815396054205	0.669380054690827	0.774261869551707	0.753325503674992	0.677078487365641	0.746454833545343	0.731728048605849	0.72795403153973
Gamma delta T cell	0.637919279805466	0.523796877367665	0.593073781762874	0.62064084840592	0.606063134688342	0.626296090444409	0.655468546642328	0.636822926401877	0.649544883735445	0.641416763347564	0.6201681939749	0.648059420612808	0.616287065398484	0.633390832914107	0.596011440065763	0.567580197463907	0.637271409997021	0.594536001396554	0.613515871197725	0.636720985630519	0.664652186336223	0.598250177421388
Immature  B cell	0.488405831580018	0.280350025371789	0.372351130543348	0.368990741246095	0.503177680996041	0.431663959997629	0.470032574732306	0.511538952011588	0.322111674214213	0.403363551542992	0.38468246511721	0.385242515658459	0.457560336148775	0.452595611849136	0.476161563138195	0.389591149017067	0.459172149944363	0.667957154938627	0.384206706388744	0.53512646894444	0.436156926165059	0.450845374866974
Memory B cell	0.36510323623935	0.311626993232553	0.337988740339532	0.322323991377802	0.33222190090991	0.369966894739971	0.395742461605203	0.343748751115228	0.35252255234877	0.356919273876911	0.353894562652602	0.362958535368613	0.326014929233794	0.343643519335588	0.393153940552432	0.373647639253824	0.490573071700494	0.360259825615029	0.38564679536478	0.399571181657695	0.370713196551905	0.377607708958446
Regulatory T cell	0.727451705998333	0.500399260728447	0.632097505121806	0.566148646854278	0.59928098149164	0.621912833526516	0.666385069719037	0.620830387149817	0.624973514988747	0.654026976047751	0.612108881608447	0.669393218985357	0.61072723403376	0.65409082415822	0.685750341877079	0.579397915454508	0.681835881085738	0.648805208787674	0.640560391882211	0.688438210878025	0.688188982563984	0.630836288267715
T follicular helper cell	0.541941338743811	0.426352239496399	0.501702820104855	0.518558548972305	0.493445145181637	0.530815006385474	0.558000814703259	0.559265937224015	0.523235083102449	0.540644101940086	0.483255641616216	0.555640461543018	0.499453397044344	0.526966359602773	0.561209466228525	0.456930736242943	0.538657847888722	0.538430505155434	0.4889024686792	0.54885855257498	0.554632875938414	0.516643545786714
Type 1 T helper cell	0.518559243837923	0.431305263543881	0.470971834394488	0.500607895668495	0.486283954585839	0.514721776118988	0.545973781815187	0.524956971742962	0.490853703685812	0.500936341073089	0.478516964578291	0.546928214079357	0.478413201485977	0.509426956916609	0.513192710526915	0.442331434992536	0.523864966074117	0.542654056723378	0.459735914623357	0.538344381371584	0.520883731260519	0.46752534558198
Type 17 T helper cell	0.234366886820534	0.187994582969943	0.206963283787768	0.232146981407823	0.209532260424365	0.188788121477483	0.270271249169517	0.231510104918696	0.236477671031164	0.22875509325977	0.191230892822214	0.242470815631698	0.19156209240076	0.219894031774509	0.287736145214749	0.205065613724525	0.258164799173165	0.244263291372936	0.217285456756457	0.215881726904831	0.271127432138273	0.202918649920507
Type 2 T helper cell	0.402432641928991	0.413354226817892	0.45079096214515	0.452205022390147	0.385693543425275	0.424874060921186	0.489689943774517	0.470804040560126	0.492075282902078	0.504882056846518	0.460364444935039	0.470014486942787	0.401708657858254	0.433989832387569	0.512530314697437	0.477905967517352	0.520842590051431	0.451574631848377	0.502652913439045	0.498084575289829	0.492298767042496	0.474246961197301
Activated dendritic cell	0.736703962048684	0.57447393969996	0.639712835718726	0.647689294963206	0.652142482168753	0.666312158260347	0.667160698209371	0.634925631307874	0.661022442804993	0.658050420689156	0.663413687218028	0.686631974317467	0.63949021617747	0.655086031298774	0.659045770394979	0.620668803838881	0.668837719580225	0.677019513573312	0.611310031539993	0.67967426795116	0.690041358007023	0.643348167707279
CD56bright natural killer cell	0.591802480161835	0.56083938806326	0.584834876565177	0.566259234670451	0.57125032788979	0.583200975338565	0.602792566230635	0.606811132479525	0.600297212777642	0.603151850219675	0.578621125582255	0.580915079390707	0.588912451379364	0.595736695878968	0.556975833054067	0.555823626848397	0.543145737908592	0.547364421821384	0.575728572638064	0.568217955174986	0.587005407793212	0.570070166880876
CD56dim natural killer cell	0.404363342607757	0.3913228709352	0.425819144019282	0.419331085231352	0.424994710778597	0.453403886493178	0.451889378533785	0.389661715536852	0.392758612661431	0.395814269262064	0.385558364714937	0.430423959200224	0.435157731149923	0.425475091111906	0.384790242863548	0.352491122878776	0.39938779846616	0.418911035776128	0.344729880184865	0.396070818145218	0.421877617479053	0.38788196954845
Eosinophil	0.446652431058441	0.34216729948168	0.433306886349363	0.38242740086863	0.385980395183345	0.40424259875298	0.427723724039886	0.419741249265528	0.448302770122902	0.465199152722795	0.486459126308792	0.422580528387717	0.337381039878998	0.411633145134676	0.466144053776653	0.408865384760486	0.476158220703437	0.484986644178044	0.437336936087979	0.455641262611706	0.35687861618322	0.437798946347397
Immature dendritic cell	0.816923167331213	0.754185798075726	0.796202521472971	0.780190128720735	0.788846000223897	0.753773102625778	0.787022054522995	0.755044953788372	0.782903323440963	0.80155498631982	0.795768698147116	0.799155573723907	0.785214341938286	0.818239518796936	0.76747363063161	0.797781515150463	0.727305432709178	0.748256192876457	0.783531932625141	0.786707649950142	0.789594374323745	0.799881534399078
Macrophage	0.483177449987932	0.320985511432123	0.40501154217776	0.412031884019486	0.432055308873385	0.454942021380955	0.484785422180261	0.442317383297965	0.454284003024834	0.451030456370979	0.435059351601235	0.501561037651194	0.404114345025057	0.451299159278718	0.428195544232338	0.347676777810057	0.493745159769784	0.390005763698024	0.380486304832763	0.44629994854623	0.470718913367832	0.396674388377834
Mast cell	0.564187830633461	0.450867998312385	0.580781769070452	0.563597061722071	0.522662226672403	0.628778541811285	0.686905983377425	0.626400107458735	0.626034196560255	0.604508911851938	0.548897647404942	0.689957432946742	0.524750591027264	0.579111032487876	0.667667552280156	0.469990970624411	0.621533679723484	0.591534588447684	0.536471373022331	0.602592195490343	0.634210236645996	0.527826731535015
MDSC	0.828113427310418	0.483230118426423	0.674112476858542	0.645624282923222	0.663966736399889	0.722734280626183	0.778686627704096	0.689451511350189	0.692243055173857	0.708165873699096	0.649678847987665	0.737276155245816	0.691680413611122	0.748286528528229	0.747772568659477	0.598087136597099	0.757480608090525	0.760694763162294	0.632112840209456	0.776393297897373	0.793818361982406	0.678204481541724
Monocyte	0.716157038062459	0.643401063829572	0.66246157493339	0.677168392541729	0.684857248067496	0.68493792700881	0.686756146572462	0.693145150829179	0.667143772934921	0.670343575499051	0.646273864873902	0.65722448094823	0.681648859307508	0.679276438897137	0.701892063515526	0.630062945507336	0.677558761015543	0.710957710289582	0.661319612402628	0.695495510020384	0.69030612999682	0.654965550221928
Natural killer cell	0.701816231499267	0.636667205173492	0.683473996990418	0.681329635820491	0.671372697891254	0.660580025129831	0.68286143912358	0.698218061262178	0.689606149484351	0.677896854461011	0.668517149251349	0.705745510850418	0.667420575339686	0.682692822851066	0.70317002665024	0.650290048700462	0.691452759197035	0.690851463158102	0.65707818999817	0.70527694113266	0.684838927313544	0.683434971896391
Natural killer T cell	0.495051066910941	0.390260919952862	0.431392869357764	0.463583320469978	0.455365309928414	0.512466629466568	0.509833755057606	0.484891535793124	0.451155269300303	0.466211265178214	0.423481670003222	0.489801770063297	0.456437639720921	0.457298629205184	0.512275733614451	0.395974047836336	0.491223754401886	0.487985866505042	0.416918147940886	0.495295588294384	0.512592747319746	0.461965803529573
Neutrophil	0.475715775456665	0.147742979898307	0.148720272196503	0.0879809209006193	0.157005681292309	0.239297776751156	0.221841442651975	0	0.16388798063967	0.142365390002308	0.307404314513408	0.516267984543982	0.0731332333415113	0.166511182756015	0.140863158192404	0.268223875331784	0.581665576914354	0.167782096776416	0.116449529651074	0.230563460872951	0.129129449343771	0.181484261066065
Plasmacytoid dendritic cell	0.820179716569024	0.745436302343542	0.753428003122409	0.769888713744566	0.778085622286247	0.791958354459598	0.791052479166317	0.757852998967759	0.779124476533794	0.765856103703394	0.770912355603321	0.793866551046602	0.765200406965609	0.786493958194952	0.76856664485053	0.752011908916739	0.803120902750028	0.770549137759472	0.747233259040436	0.785646293988501	0.770371169505028	0.753480175335799
